
**********************************
----------------------------------
             Secuencial           
----------------------------------
**********************************
----------------------------------
         img1 720p                
----------------------------------
Kernel		Time
3 	0.120
5 	0.106
7 	0.090
9 	0.097
11 	0.097
13 	0.079
15 	0.107
----------------------------------
          img2 1080p              
----------------------------------
Kernel		Time
3 	0.088
5 	0.060
7 	0.064
9 	0.092
11 	0.068
13 	0.096
15 	0.107
----------------------------------
          img3 4k                 
----------------------------------
Kernel		Time
3 	0.099
5 	0.096
7 	0.079
9 	0.108
11 	0.092
13 	0.081
15 	0.072

**********************************
----------------------------------
          Paralelizado            
----------------------------------
**********************************
----------------------------------
          img1 720p               
----------------------------------
Kernel		Blocks		Threads		Time
3 			1 		128 		0.178
3 			1 		256 		0.183
3 			1 		384 		0.195
3 			1 		512 		0.193
3 			1 		640 		0.191
3 			1 		768 		0.190
3 			1 		896 		0.195
3 			1 		1024 		0.189
3 			2 		128 		0.185
3 			2 		256 		0.148
3 			2 		384 		0.123
3 			2 		512 		0.133
3 			2 		640 		0.127
3 			2 		768 		0.142
3 			2 		896 		0.151
3 			2 		1024 		0.179
3 			3 		128 		0.187
3 			3 		256 		0.195
3 			3 		384 		0.185
3 			3 		512 		0.192
3 			3 		640 		0.192
3 			3 		768 		0.135
3 			3 		896 		0.160
3 			3 		1024 		0.183
3 			4 		128 		0.181
3 			4 		256 		0.181
3 			4 		384 		0.191
3 			4 		512 		0.182
3 			4 		640 		0.184
3 			4 		768 		0.190
3 			4 		896 		0.183
3 			4 		1024 		0.190
5 			1 		128 		0.262
5 			1 		256 		0.220
5 			1 		384 		0.210
5 			1 		512 		0.204
5 			1 		640 		0.201
5 			1 		768 		0.197
5 			1 		896 		0.174
5 			1 		1024 		0.161
5 			2 		128 		0.161
5 			2 		256 		0.149
5 			2 		384 		0.191
5 			2 		512 		0.198
5 			2 		640 		0.191
5 			2 		768 		0.192
5 			2 		896 		0.162
5 			2 		1024 		0.163
5 			3 		128 		0.180
5 			3 		256 		0.185
5 			3 		384 		0.176
5 			3 		512 		0.203
5 			3 		640 		0.181
5 			3 		768 		0.201
5 			3 		896 		0.200
5 			3 		1024 		0.198
5 			4 		128 		0.205
5 			4 		256 		0.198
5 			4 		384 		0.201
5 			4 		512 		0.176
5 			4 		640 		0.189
5 			4 		768 		0.183
5 			4 		896 		0.198
5 			4 		1024 		0.187
7 			1 		128 		0.300
7 			1 		256 		0.259
7 			1 		384 		0.216
7 			1 		512 		0.210
7 			1 		640 		0.215
7 			1 		768 		0.212
7 			1 		896 		0.200
7 			1 		1024 		0.212
7 			2 		128 		0.247
7 			2 		256 		0.230
7 			2 		384 		0.206
7 			2 		512 		0.147
7 			2 		640 		0.195
7 			2 		768 		0.200
7 			2 		896 		0.210
7 			2 		1024 		0.210
7 			3 		128 		0.235
7 			3 		256 		0.213
7 			3 		384 		0.190
7 			3 		512 		0.203
7 			3 		640 		0.188
7 			3 		768 		0.210
7 			3 		896 		0.210
7 			3 		1024 		0.181
7 			4 		128 		0.222
7 			4 		256 		0.187
7 			4 		384 		0.173
7 			4 		512 		0.173
7 			4 		640 		0.215
7 			4 		768 		0.213
7 			4 		896 		0.196
7 			4 		1024 		0.211
9 			1 		128 		0.406
9 			1 		256 		0.277
9 			1 		384 		0.261
9 			1 		512 		0.227
9 			1 		640 		0.201
9 			1 		768 		0.201
9 			1 		896 		0.224
9 			1 		1024 		0.230
9 			2 		128 		0.272
9 			2 		256 		0.205
9 			2 		384 		0.182
9 			2 		512 		0.189
9 			2 		640 		0.221
9 			2 		768 		0.203
9 			2 		896 		0.192
9 			2 		1024 		0.205
9 			3 		128 		0.262
9 			3 		256 		0.232
9 			3 		384 		0.233
9 			3 		512 		0.199
9 			3 		640 		0.187
9 			3 		768 		0.183
9 			3 		896 		0.193
9 			3 		1024 		0.208
9 			4 		128 		0.216
9 			4 		256 		0.232
9 			4 		384 		0.231
9 			4 		512 		0.222
9 			4 		640 		0.229
9 			4 		768 		0.226
9 			4 		896 		0.199
9 			4 		1024 		0.220
11 			1 		128 		0.532
11 			1 		256 		0.351
11 			1 		384 		0.243
11 			1 		512 		0.257
11 			1 		640 		0.244
11 			1 		768 		0.239
11 			1 		896 		0.241
11 			1 		1024 		0.242
11 			2 		128 		0.330
11 			2 		256 		0.259
11 			2 		384 		0.241
11 			2 		512 		0.244
11 			2 		640 		0.247
11 			2 		768 		0.243
11 			2 		896 		0.243
11 			2 		1024 		0.222
11 			3 		128 		0.251
11 			3 		256 		0.197
11 			3 		384 		0.194
11 			3 		512 		0.204
11 			3 		640 		0.248
11 			3 		768 		0.241
11 			3 		896 		0.239
11 			3 		1024 		0.204
11 			4 		128 		0.250
11 			4 		256 		0.248
11 			4 		384 		0.249
11 			4 		512 		0.242
11 			4 		640 		0.251
11 			4 		768 		0.237
11 			4 		896 		0.243
11 			4 		1024 		0.230
13 			1 		128 		0.611
13 			1 		256 		0.403
13 			1 		384 		0.324
13 			1 		512 		0.240
13 			1 		640 		0.273
13 			1 		768 		0.260
13 			1 		896 		0.249
13 			1 		1024 		0.263
13 			2 		128 		0.384
13 			2 		256 		0.285
13 			2 		384 		0.259
13 			2 		512 		0.266
13 			2 		640 		0.270
13 			2 		768 		0.253
13 			2 		896 		0.258
13 			2 		1024 		0.262
13 			3 		128 		0.323
13 			3 		256 		0.265
13 			3 		384 		0.269
13 			3 		512 		0.260
13 			3 		640 		0.262
13 			3 		768 		0.259
13 			3 		896 		0.219
13 			3 		1024 		0.258
13 			4 		128 		0.294
13 			4 		256 		0.268
13 			4 		384 		0.272
13 			4 		512 		0.251
13 			4 		640 		0.272
13 			4 		768 		0.266
13 			4 		896 		0.264
13 			4 		1024 		0.255
15 			1 		128 		0.689
15 			1 		256 		0.460
15 			1 		384 		0.371
15 			1 		512 		0.321
15 			1 		640 		0.286
15 			1 		768 		0.288
15 			1 		896 		0.289
15 			1 		1024 		0.247
15 			2 		128 		0.447
15 			2 		256 		0.332
15 			2 		384 		0.291
15 			2 		512 		0.283
15 			2 		640 		0.252
15 			2 		768 		0.282
15 			2 		896 		0.290
15 			2 		1024 		0.249
15 			3 		128 		0.369
15 			3 		256 		0.297
15 			3 		384 		0.298
15 			3 		512 		0.264
15 			3 		640 		0.260
15 			3 		768 		0.275
15 			3 		896 		0.283
15 			3 		1024 		0.297
15 			4 		128 		0.329
15 			4 		256 		0.296
15 			4 		384 		0.299
15 			4 		512 		0.290
15 			4 		640 		0.284
15 			4 		768 		0.294
15 			4 		896 		0.246
15 			4 		1024 		0.282
----------------------------------
          img2 1080p              
----------------------------------
Kernel		Blocks		Threads		Time
3 			1 		128 		0.461
3 			1 		256 		0.380
3 			1 		384 		0.313
3 			1 		512 		0.353
3 			1 		640 		0.356
3 			1 		768 		0.358
3 			1 		896 		0.357
3 			1 		1024 		0.383
3 			2 		128 		0.390
3 			2 		256 		0.363
3 			2 		384 		0.336
3 			2 		512 		0.357
3 			2 		640 		0.358
3 			2 		768 		0.328
3 			2 		896 		0.360
3 			2 		1024 		0.292
3 			3 		128 		0.317
3 			3 		256 		0.348
3 			3 		384 		0.357
3 			3 		512 		0.285
3 			3 		640 		0.314
3 			3 		768 		0.356
3 			3 		896 		0.349
3 			3 		1024 		0.350
3 			4 		128 		0.352
3 			4 		256 		0.337
3 			4 		384 		0.359
3 			4 		512 		0.300
3 			4 		640 		0.310
3 			4 		768 		0.305
3 			4 		896 		0.355
3 			4 		1024 		0.355
5 			1 		128 		0.639
5 			1 		256 		0.487
5 			1 		384 		0.423
5 			1 		512 		0.355
5 			1 		640 		0.346
5 			1 		768 		0.336
5 			1 		896 		0.363
5 			1 		1024 		0.329
5 			2 		128 		0.476
5 			2 		256 		0.399
5 			2 		384 		0.386
5 			2 		512 		0.389
5 			2 		640 		0.386
5 			2 		768 		0.369
5 			2 		896 		0.390
5 			2 		1024 		0.347
5 			3 		128 		0.368
5 			3 		256 		0.342
5 			3 		384 		0.352
5 			3 		512 		0.373
5 			3 		640 		0.350
5 			3 		768 		0.329
5 			3 		896 		0.339
5 			3 		1024 		0.340
5 			4 		128 		0.356
5 			4 		256 		0.374
5 			4 		384 		0.396
5 			4 		512 		0.384
5 			4 		640 		0.379
5 			4 		768 		0.391
5 			4 		896 		0.433
5 			4 		1024 		0.323
7 			1 		128 		0.875
7 			1 		256 		0.601
7 			1 		384 		0.497
7 			1 		512 		0.378
7 			1 		640 		0.417
7 			1 		768 		0.430
7 			1 		896 		0.403
7 			1 		1024 		0.345
7 			2 		128 		0.594
7 			2 		256 		0.464
7 			2 		384 		0.382
7 			2 		512 		0.390
7 			2 		640 		0.445
7 			2 		768 		0.360
7 			2 		896 		0.432
7 			2 		1024 		0.406
7 			3 		128 		0.502
7 			3 		256 		0.420
7 			3 		384 		0.419
7 			3 		512 		0.432
7 			3 		640 		0.424
7 			3 		768 		0.369
7 			3 		896 		0.421
7 			3 		1024 		0.415
7 			4 		128 		0.451
7 			4 		256 		0.440
7 			4 		384 		0.396
7 			4 		512 		0.421
7 			4 		640 		0.443
7 			4 		768 		0.430
7 			4 		896 		0.383
7 			4 		1024 		0.372
9 			1 		128 		1.155
9 			1 		256 		0.708
9 			1 		384 		0.623
9 			1 		512 		0.517
9 			1 		640 		0.503
9 			1 		768 		0.483
9 			1 		896 		0.473
9 			1 		1024 		0.478
9 			2 		128 		0.674
9 			2 		256 		0.531
9 			2 		384 		0.494
9 			2 		512 		0.485
9 			2 		640 		0.530
9 			2 		768 		0.474
9 			2 		896 		0.493
9 			2 		1024 		0.421
9 			3 		128 		0.551
9 			3 		256 		0.486
9 			3 		384 		0.508
9 			3 		512 		0.436
9 			3 		640 		0.463
9 			3 		768 		0.484
9 			3 		896 		0.452
9 			3 		1024 		0.432
9 			4 		128 		0.496
9 			4 		256 		0.474
9 			4 		384 		0.503
9 			4 		512 		0.482
9 			4 		640 		0.503
9 			4 		768 		0.425
9 			4 		896 		0.490
9 			4 		1024 		0.474
11 			1 		128 		1.564
11 			1 		256 		0.918
11 			1 		384 		0.732
11 			1 		512 		0.637
11 			1 		640 		0.579
11 			1 		768 		0.553
11 			1 		896 		0.489
11 			1 		1024 		0.547
11 			2 		128 		0.964
11 			2 		256 		0.628
11 			2 		384 		0.563
11 			2 		512 		0.481
11 			2 		640 		0.571
11 			2 		768 		0.551
11 			2 		896 		0.565
11 			2 		1024 		0.544
11 			3 		128 		0.728
11 			3 		256 		0.579
11 			3 		384 		0.588
11 			3 		512 		0.578
11 			3 		640 		0.600
11 			3 		768 		0.553
11 			3 		896 		0.555
11 			3 		1024 		0.547
11 			4 		128 		0.585
11 			4 		256 		0.578
11 			4 		384 		0.594
11 			4 		512 		0.537
11 			4 		640 		0.584
11 			4 		768 		0.555
11 			4 		896 		0.543
11 			4 		1024 		0.512
13 			1 		128 		1.981
13 			1 		256 		1.155
13 			1 		384 		0.893
13 			1 		512 		0.723
13 			1 		640 		0.705
13 			1 		768 		0.618
13 			1 		896 		0.643
13 			1 		1024 		0.628
13 			2 		128 		1.122
13 			2 		256 		0.732
13 			2 		384 		0.616
13 			2 		512 		0.585
13 			2 		640 		0.701
13 			2 		768 		0.590
13 			2 		896 		0.653
13 			2 		1024 		0.627
13 			3 		128 		0.880
13 			3 		256 		0.667
13 			3 		384 		0.632
13 			3 		512 		0.617
13 			3 		640 		0.651
13 			3 		768 		0.568
13 			3 		896 		0.628
13 			3 		1024 		0.617
13 			4 		128 		0.750
13 			4 		256 		0.676
13 			4 		384 		0.672
13 			4 		512 		0.628
13 			4 		640 		0.634
13 			4 		768 		0.639
13 			4 		896 		0.655
13 			4 		1024 		0.638
15 			1 		128 		2.494
15 			1 		256 		1.406
15 			1 		384 		1.072
15 			1 		512 		0.909
15 			1 		640 		0.835
15 			1 		768 		0.683
15 			1 		896 		0.731
15 			1 		1024 		0.745
15 			2 		128 		1.408
15 			2 		256 		0.881
15 			2 		384 		0.733
15 			2 		512 		0.730
15 			2 		640 		0.846
15 			2 		768 		0.739
15 			2 		896 		0.704
15 			2 		1024 		0.711
15 			3 		128 		1.059
15 			3 		256 		0.778
15 			3 		384 		0.805
15 			3 		512 		0.780
15 			3 		640 		0.768
15 			3 		768 		0.733
15 			3 		896 		0.684
15 			3 		1024 		0.763
15 			4 		128 		0.889
15 			4 		256 		0.790
15 			4 		384 		0.801
15 			4 		512 		0.746
15 			4 		640 		0.797
15 			4 		768 		0.727
15 			4 		896 		0.750
15 			4 		1024 		0.683
----------------------------------
          img3 4k                 
----------------------------------
Kernel		Blocks		Threads		Time
3 			1 			128 		1.015
3 			1 			256 		0.840
3 			1 			384 		0.769
3 			1 			512 		0.733
3 			1 			640 		0.666
3 			1 			768 		0.712
3 			1 			896 		0.710
3 			1 			1024 		0.701
3 			2 			128 		0.895
3 			2 			256 		0.706
3 			2 			384 		0.722
3 			2 			512 		0.717
3 			2 			640 		0.694
3 			2 			768 		0.714
3 			2 			896 		0.734
3 			2 			1024 		0.808
3 			3 			128 		0.793
3 			3 			256 		0.737
3 			3 			384 		0.732
3 			3 			512 		0.743
3 			3 			640 		0.765
3 			3 			768 		0.725
3 			3 			896 		0.744
3 			3 			1024 		0.729
3 			4 			128 		0.763
3 			4 			256 		0.736
3 			4 			384 		0.714
3 			4 			512 		0.692
3 			4 			640 		0.740
3 			4 			768 		0.810
3 			4 			896 		0.776
3 			4 			1024 		0.716
5 			1 			128 		1.586
5 			1 			256 		1.081
5 			1 			384 		0.929
5 			1 			512 		0.880
5 			1 			640 		0.827
5 			1 			768 		0.817
5 			1 			896 		0.801
5 			1 			1024 		0.726
5 			2 			128 		1.129
5 			2 			256 		0.859
5 			2 			384 		0.822
5 			2 			512 		0.823
5 			2 			640 		0.812
5 			2 			768 		0.788
5 			2 			896 		0.791
5 			2 			1024 		0.806
5 			3 			128 		0.916
5 			3 			256 		0.794
5 			3 			384 		0.774
5 			3 			512 		0.845
5 			3 			640 		0.876
5 			3 			768 		0.826
5 			3 			896 		0.851
5 			3 			1024 		0.814
5 			4 			128 		0.803
5 			4 			256 		0.815
5 			4 			384 		0.751
5 			4 			512 		0.814
5 			4 			640 		0.813
5 			4 			768 		0.830
5 			4 			896 		0.855
5 			4 			1024 		0.801
7 			1 			128 		2.236
7 			1 			256 		1.415
7 			1 			384 		1.145
7 			1 			512 		1.032
7 			1 			640 		0.906
7 			1 			768 		0.917
7 			1 			896 		0.929
7 			1 			1024 		0.928
7 			2 			128 		1.449
7 			2 			256 		1.021
7 			2 			384 		1.055
7 			2 			512 		0.889
7 			2 			640 		0.966
7 			2 			768 		0.905
7 			2 			896 		0.915
7 			2 			1024 		0.948
7 			3 			128 		1.161
7 			3 			256 		0.944
7 			3 			384 		0.966
7 			3 			512 		0.950
7 			3 			640 		0.970
7 			3 			768 		0.916
7 			3 			896 		1.012
7 			3 			1024 		0.946
7 			4 			128 		1.047
7 			4 			256 		0.956
7 			4 			384 		0.956
7 			4 			512 		0.971
7 			4 			640 		0.982
7 			4 			768 		0.954
7 			4 			896 		0.920
7 			4 			1024 		0.961
9 			1 			128 		3.071
9 			1 			256 		1.889
9 			1 			384 		1.441
9 			1 			512 		1.273
9 			1 			640 		1.138
9 			1 			768 		1.107
9 			1 			896 		1.013
9 			1 			1024 		1.135
9 			2 			128 		1.906
9 			2 			256 		1.257
9 			2 			384 		1.086
9 			2 			512 		1.059
9 			2 			640 		1.142
9 			2 			768 		1.095
9 			2 			896 		1.086
9 			2 			1024 		1.163
9 			3 			128 		1.487
9 			3 			256 		1.079
9 			3 			384 		1.147
9 			3 			512 		1.106
9 			3 			640 		1.160
9 			3 			768 		1.128
9 			3 			896 		1.136
9 			3 			1024 		1.216
9 			4 			128 		1.305
9 			4 			256 		1.187
9 			4 			384 		1.139
9 			4 			512 		1.169
9 			4 			640 		1.204
9 			4 			768 		1.144
9 			4 			896 		1.116
9 			4 			1024 		1.170
11 			1 			128 		4.144
11 			1 			256 		2.429
11 			1 			384 		2.113
11 			1 			512 		2.066
11 			1 			640 		1.664
11 			1 			768 		1.478
11 			1 			896 		1.455
11 			1 			1024 		1.495
11 			2 			128 		2.568
11 			2 			256 		1.618
11 			2 			384 		1.312
11 			2 			512 		1.344
11 			2 			640 		1.350
11 			2 			768 		1.270
11 			2 			896 		1.284
11 			2 			1024 		1.359
11 			3 			128 		1.828
11 			3 			256 		1.306
11 			3 			384 		1.437
11 			3 			512 		1.354
11 			3 			640 		1.435
11 			3 			768 		1.371
11 			3 			896 		1.350
11 			3 			1024 		1.351
11 			4 			128 		1.495
11 			4 			256 		1.380
11 			4 			384 		1.366
11 			4 			512 		1.385
11 			4 			640 		1.448
11 			4 			768 		1.304
11 			4 			896 		1.385
11 			4 			1024 		1.351
13 			1 			128 		5.528
13 			1 			256 		3.122
13 			1 			384 		2.318
13 			1 			512 		1.895
13 			1 			640 		1.677
13 			1 			768 		1.599
13 			1 			896 		1.528
13 			1 			1024 		1.565
13 			2 			128 		3.091
13 			2 			256 		1.902
13 			2 			384 		1.624
13 			2 			512 		1.677
13 			2 			640 		1.713
13 			2 			768 		1.597
13 			2 			896 		1.555
13 			2 			1024 		1.602
13 			3 			128 		2.305
13 			3 			256 		1.612
13 			3 			384 		1.723
13 			3 			512 		1.607
13 			3 			640 		1.717
13 			3 			768 		1.690
13 			3 			896 		1.593
13 			3 			1024 		1.609
13 			4 			128 		1.883
13 			4 			256 		1.681
13 			4 			384 		1.645
13 			4 			512 		1.572
13 			4 			640 		1.641
13 			4 			768 		1.513
13 			4 			896 		1.536
13 			4 			1024 		1.574
15 			1 			128 		7.118
15 			1 			256 		3.891
15 			1 			384 		2.857
15 			1 			512 		2.359
15 			1 			640 		2.048
15 			1 			768 		1.912
15 			1 			896 		1.870
15 			1 			1024 		1.830
15 			2 			128 		3.937
15 			2 			256 		2.338
15 			2 			384 		1.898
15 			2 			512 		1.933
15 			2 			640 		1.988
15 			2 			768 		1.929
15 			2 			896 		1.889
15 			2 			1024 		1.966
15 			3 			128 		2.882
15 			3 			256 		1.982
15 			3 			384 		2.075
15 			3 			512 		1.964
15 			3 			640 		2.026
15 			3 			768 		1.884
15 			3 			896 		1.907
15 			3 			1024 		1.971
15 			4 			128 		2.306
15 			4 			256 		2.021
15 			4 			384 		1.989
15 			4 			512 		1.903
15 			4 			640 		2.004
15 			4 			768 		1.812
15 			4 			896 		1.934
15 			4 			1024 		1.999
